[gd_scene load_steps=3 format=3 uid="uid://bpx0j4t0dkyn0"]

[ext_resource type="PackedScene" uid="uid://dhrxr50cl2aye" path="res://Props/Pans/CastIronPan.tscn" id="1_vyxlr"]
[ext_resource type="PackedScene" uid="uid://dck1ibmd8rmja" path="res://Props/Pans/Skillet.tscn" id="2_u8yoj"]

[node name="HangingPans" type="Node3D"]
transform = Transform3D(1, 0, 0, 0, 0.0535734, -0.998564, 0, 0.998564, 0.0535734, -0.704639, 1.1814, -0.350486)

[node name="Prop" parent="." instance=ExtResource("1_vyxlr")]
transform = Transform3D(1, 0, 0, 0, 1, 0, 0, 0, 1, 0.619911, 0, 0.0987568)

[node name="Prop2" parent="." instance=ExtResource("2_u8yoj")]
transform = Transform3D(1, 0, 0, 0, 1, -3.93246e-09, 0, 2.45933e-09, 1, 0.369295, 0.507247, 0.117712)

[node name="Prop3" parent="." instance=ExtResource("2_u8yoj")]
transform = Transform3D(0.81531, -0.578194, -0.0310204, 0.578194, 0.81584, -0.00988029, 0.0310204, -0.0098803, 0.999471, 0.125168, 0.182743, 0.142173)

[node name="Prop4" parent="." instance=ExtResource("2_u8yoj")]
transform = Transform3D(-0.820282, -0.571139, -0.0306419, 0.571138, -0.815058, -0.0973788, 0.0306419, -0.0973788, 0.994777, -0.170288, 0.505842, 0.107883)

[node name="Prop5" parent="." instance=ExtResource("2_u8yoj")]
transform = Transform3D(-0.820282, -0.571139, -0.0306419, 0.571138, -0.815058, -0.0973788, 0.0306419, -0.0973788, 0.994777, -0.170288, 0.505842, 0.107883)

[node name="Prop6" parent="." instance=ExtResource("2_u8yoj")]
transform = Transform3D(-0.820282, -0.571139, -0.0306419, 0.571138, -0.815058, -0.0973788, 0.0306419, -0.0973788, 0.994777, 0.850252, 0.271399, 0.0953053)

[node name="Prop7" parent="." instance=ExtResource("2_u8yoj")]
transform = Transform3D(0.655572, 0.754049, 0.0404551, -0.754049, 0.656562, -0.0184258, -0.0404551, -0.0184257, 0.999014, -0.510703, 0.271399, 0.0953053)

[node name="Prop8" parent="." instance=ExtResource("1_vyxlr")]
transform = Transform3D(0.941453, -0.336661, -0.018062, 0.336661, 0.941623, -0.00313209, 0.018062, -0.00313205, 0.999834, -0.749483, 0.620671, 0.126066)
